[[0.23767225444316864, 0.5688295364379883, 0.454795777797699, 0.663254976272583], [0.24390630424022675, 0.06524352729320526, 0.4619538187980652, 0.15411236882209778]]
[0.0, 0.0, 0.0, 0.0]
[[0.039200559258461, 0.5954284071922302, 0.29066553711891174, 0.7304874062538147], [0.027002155780792236, 0.4636062979698181, 0.30544552206993103, 0.6126840710639954]]
[0.0, 0.0, 0.0, 0.0]
[[0.36072105169296265, 0.635727047920227, 0.6108184456825256, 0.7517609596252441], [0.39131709933280945, 0.2766685485839844, 0.6520906686782837, 0.4085923433303833]]
[[0.5225932002067566, 0.36722874641418457, 0.7617600560188293, 0.5393377542495728], [0.036605168133974075, 0.4921254515647888, 0.23349113762378693, 0.673210859298706]]
[[0.15581615269184113, 0.1250593662261963, 0.39820414781570435, 0.2820601463317871]]
[]
[[0.03035963885486126, 0.7237556576728821, 0.19025489687919617, 0.9587986469268799], [0.716857373714447, 0.6011909246444702, 0.8392309546470642, 0.8224267959594727], [0.3310385048389435, 0.13434846699237823, 0.5432952046394348, 0.4389384686946869]]
[[0.14157381653785706, 0.7035771608352661, 0.3694542646408081, 0.9265108704566956]]
[[0.12221302837133408, 0.5121349096298218, 0.7121079564094543, 0.7412799596786499]]
[[0.07730348408222198, 0.27394333481788635, 0.32571423053741455, 0.5709279179573059], [0.1847972273826599, 0.8186487555503845, 0.3421485722064972, 0.9645468592643738], [0.10204346477985382, 0.03645344451069832, 0.3307437002658844, 0.24265338480472565]]
[[0.0996767207980156, 0.03557414188981056, 0.34383267164230347, 0.1578400880098343], [0.15047433972358704, 0.5408247113227844, 0.37119776010513306, 0.685562014579773], [0.27652254700660706, 0.6679807305335999, 0.47664037346839905, 0.7834467887878418]]
[[0.3039769232273102, 0.4967571496963501, 0.7369736433029175, 0.6516302824020386], [0.061903394758701324, 0.2124980092048645, 0.40491923689842224, 0.36992722749710083]]
[[0.2238292694091797, 0.5291242599487305, 0.46159330010414124, 0.6245886087417603], [0.1456664651632309, 0.624544620513916, 0.4141860902309418, 0.727379560470581]]
[]
[[0.14316372573375702, 0.213064044713974, 0.3075597584247589, 0.3270532190799713]]
[]
[[0.5561397671699524, 0.4498712122440338, 0.7749727368354797, 0.6607169508934021], [0.019442342221736908, 0.3688663840293884, 0.19154804944992065, 0.5588667988777161]]
[[0.23400892317295074, 0.42551425099372864, 0.521591305732727, 0.6501613855361938]]
[[0.22259517014026642, 0.5353100299835205, 0.659335196018219, 0.7576374411582947]]
[[0.14805178344249725, 0.12507280707359314, 0.4131106436252594, 0.30787166953086853]]
[[0.15634988248348236, 0.7808324098587036, 0.3810010850429535, 0.9253700971603394], [0.06369797140359879, 0.09121113270521164, 0.3217523694038391, 0.2459554225206375]]
[[0.3886736333370209, 0.18321503698825836, 0.7415323257446289, 0.4681769907474518], [0.5823337435722351, 0.4845358431339264, 0.854107141494751, 0.742264449596405]]
[[0.06316297501325607, 0.38711827993392944, 0.2410837560892105, 0.5309783816337585]]
[[0.2052588015794754, 0.48104649782180786, 0.3907270133495331, 0.5852661728858948]]
[[0.14751099050045013, 0.3435457646846771, 0.736952543258667, 0.6177660226821899]]
[[0.5662301778793335, 0.48449957370758057, 0.8316118717193604, 0.6814451813697815], [0.06482071429491043, 0.2550811767578125, 0.269707590341568, 0.44199076294898987]]
[[0.11274266988039017, 0.2644300162792206, 0.8783107995986938, 0.7370400428771973]]
[]
[]
[]
[]
[[0.5299303531646729, 0.05841493234038353, 0.7392699122428894, 0.24541306495666504]]
[[0.2629437744617462, 0.37008607387542725, 0.5216829180717468, 0.5007457733154297], [0.012483565136790276, 0.49583345651626587, 0.1777191013097763, 0.6389699578285217]]
[]
[[0.6531984210014343, 0.050972722470760345, 0.9133753776550293, 0.23000502586364746], [0.5779202580451965, 0.7495136260986328, 0.8905439376831055, 0.9505901336669922], [0.0307955052703619, 0.4883793592453003, 0.34533601999282837, 0.8000463247299194]]
[[0.12219809740781784, 0.7707517743110657, 0.45894506573677063, 0.9262238144874573]]
[[0.3965570628643036, 0.44947779178619385, 0.5709966421127319, 0.6501389145851135], [0.08222274482250214, 0.4853336811065674, 0.2505958080291748, 0.6807979345321655]]
[[0.0214639101177454, 0.672313928604126, 0.20353040099143982, 0.828836977481842]]
[[0.36828315258026123, 0.5919067859649658, 0.7091169953346252, 0.6987680792808533]]
[0.0, 0.0, 0.0, 0.0]
[[0.5803285837173462, 0.16332243382930756, 0.8330353498458862, 0.2591573894023895], [0.21454662084579468, 0.29583099484443665, 0.48742881417274475, 0.40028223395347595], [0.5175960063934326, 0.5799408555030823, 0.7956618070602417, 0.6829562783241272], [0.03770390525460243, 0.45088183879852295, 0.35247400403022766, 0.5622366666793823]]
[[0.016727613285183907, 0.15591643750667572, 0.2769731283187866, 0.3822605311870575], [0.5565813779830933, 0.6760810613632202, 0.7787883281707764, 0.8372284770011902]]
[[0.5017064809799194, 0.24437643587589264, 0.7849726676940918, 0.47723710536956787], [0.661902666091919, 0.7501062154769897, 0.8737019896507263, 0.9712421894073486], [0.05328024551272392, 0.10999661684036255, 0.40235215425491333, 0.38616082072257996]]
[[0.3417353928089142, 0.11917981505393982, 0.5677482485771179, 0.25659292936325073], [0.034792590886354446, 0.15176375210285187, 0.2204132080078125, 0.26489073038101196]]
[]
[[0.05939467251300812, 0.3813517391681671, 0.25027889013290405, 0.6783791780471802], [0.7047256231307983, 0.486043781042099, 0.8980692625045776, 0.7857879400253296], [0.38121354579925537, 0.4317552447319031, 0.5775251388549805, 0.7844416499137878]]
[[0.28429847955703735, 0.5779839158058167, 0.5395116209983826, 0.7553768157958984]]
[0.0, 0.0, 0.0, 0.0]
[[0.1630178838968277, 0.5837253332138062, 0.4237087070941925, 0.7986450791358948]]
[[0.2233600914478302, 0.45482951402664185, 0.49950873851776123, 0.6079384088516235], [0.13286855816841125, 0.2626332938671112, 0.48217082023620605, 0.4196811616420746], [0.4757535457611084, 0.1638493835926056, 0.7532455921173096, 0.3022022843360901]]
[[0.001571483095176518, 0.17083825170993805, 0.2523510754108429, 0.2885971665382385], [0.007479190826416016, 0.706053614616394, 0.24021455645561218, 0.8359957933425903]]
[[0.46249908208847046, 0.2951686382293701, 0.6893438696861267, 0.42972904443740845], [0.0023471706081181765, 0.4892839193344116, 0.22370295226573944, 0.622253954410553]]
[[0.3825269043445587, 0.7443869709968567, 0.5430624485015869, 0.8424772620201111]]
[[0.08730968087911606, 0.3771165609359741, 0.45326748490333557, 0.5518868565559387]]
[]
[[0.05472629517316818, 0.47545886039733887, 0.2387365698814392, 0.7224797606468201], [0.3686269521713257, 0.49775266647338867, 0.5590535402297974, 0.7471523284912109]]
[[0.1338813304901123, 0.22922638058662415, 0.2921789586544037, 0.4143238365650177], [0.07260838896036148, 0.5364672541618347, 0.3146899342536926, 0.8585943579673767]]
[[0.30053842067718506, 0.2063940316438675, 0.6679106950759888, 0.3903837203979492], [0.24306519329547882, 0.7054132223129272, 0.5662388801574707, 0.9028666019439697]]
[]
[]
[[0.7136675119400024, 0.12928244471549988, 0.9595186710357666, 0.33081141114234924], [0.3762441575527191, 0.1350984126329422, 0.6102332472801208, 0.3302864134311676]]
[]
[0.0, 0.0, 0.0, 0.0]
[[0.05420314520597458, 0.10816865414381027, 0.48215678334236145, 0.30597901344299316]]
[[0.130316823720932, 0.4401199221611023, 0.39837947487831116, 0.5750835537910461]]
[[0.39004746079444885, 0.7128293514251709, 0.6223668456077576, 0.8544726371765137], [0.22801385819911957, 0.47139352560043335, 0.5371969938278198, 0.6463430523872375]]
[[0.08474697172641754, 0.4281996190547943, 0.5050426721572876, 0.6215553879737854]]
[[0.504762589931488, 0.045900896191596985, 0.9225972890853882, 0.3153970539569855], [0.0007956568733789027, 0.026543566957116127, 0.4228164255619049, 0.2818429172039032], [0.012783699668943882, 0.7570427060127258, 0.24368856847286224, 0.944428026676178], [0.5600520372390747, 0.7289440035820007, 0.7371676564216614, 0.8519279956817627]]
[[0.018425188958644867, 0.061728909611701965, 0.9563695192337036, 0.4301626682281494], [0.030673254281282425, 0.5393595099449158, 0.4851907789707184, 0.7234871983528137], [0.26339656114578247, 0.8844017386436462, 0.728469967842102, 0.9996199011802673]]
[[0.4180264472961426, 0.5997533202171326, 0.6336507201194763, 0.7374569773674011], [0.15025416016578674, 0.10714854300022125, 0.3836725354194641, 0.2488963007926941], [0.3253448009490967, 0.24036036431789398, 0.5768917202949524, 0.38767531514167786]]
[[0.3346593379974365, 0.13364580273628235, 0.6651179194450378, 0.3225398659706116], [0.14853553473949432, 0.680141270160675, 0.4910745322704315, 0.8861120939254761], [0.06597721576690674, 0.45220088958740234, 0.4814254343509674, 0.6496489644050598]]
[[0.3027406632900238, 0.4076153337955475, 0.5089581608772278, 0.6002600789070129]]
[[0.2166898101568222, 0.3861781656742096, 0.4264693856239319, 0.511318564414978]]
[[0.0, 0.18487347662448883, 0.8045832514762878, 0.5267041325569153]]
[]
[[0.005724729038774967, 0.7902937531471252, 0.3755451440811157, 0.9890062808990479]]
[]
[[0.1399189829826355, 0.3152381181716919, 0.6749380230903625, 0.6428524851799011]]
[]
[]
[[0.6338381767272949, 0.005130637437105179, 0.8845495581626892, 0.09903883934020996], [0.02772603929042816, 0.4748891592025757, 0.25350144505500793, 0.5898512601852417]]
[[0.4685833752155304, 0.31479546427726746, 0.6777536273002625, 0.45114171504974365]]
[[0.19595873355865479, 0.40198996663093567, 0.6448729634284973, 0.6328707933425903]]
[[0.03944374620914459, 0.6153284907341003, 0.3141137659549713, 0.7639861702919006]]
[[0.12518279254436493, 0.31019625067710876, 0.4954761564731598, 0.49069198966026306]]
[[0.038825470954179764, 0.16150642931461334, 0.3572523295879364, 0.2876776456832886], [0.46646225452423096, 0.45851758122444153, 0.7375600934028625, 0.5818880796432495]]
[]
[[0.063783660531044, 0.1760675609111786, 0.45280006527900696, 0.6690537333488464]]
[[0.2273990660905838, 0.37103161215782166, 0.5658696889877319, 0.6388111114501953]]
[[0.07820224016904831, 0.41246020793914795, 0.3057639002799988, 0.5391082167625427]]
[[0.07435247302055359, 0.07358760386705399, 0.4677813947200775, 0.286411315202713]]
[[0.19827105104923248, 0.3986808657646179, 0.44682425260543823, 0.5335199236869812], [0.14008960127830505, 0.2669048309326172, 0.3827308416366577, 0.4185474216938019], [0.14453493058681488, 0.6330497860908508, 0.40737926959991455, 0.7732840776443481]]
[[0.39019206166267395, 0.4449455142021179, 0.558800995349884, 0.5478352904319763]]
[[0.32858172059059143, 0.2042277306318283, 0.8214898109436035, 0.7434417009353638]]
[[0.10469342768192291, 0.32364875078201294, 0.6045340299606323, 0.6625134944915771]]
[[0.12059317529201508, 0.5004593729972839, 0.7111060619354248, 0.7407026886940002]]
[[0.19779203832149506, 0.25021255016326904, 0.7498135566711426, 0.5554567575454712]]
[[0.07975878566503525, 0.4008718430995941, 0.5623618960380554, 0.641922116279602], [0.1583060622215271, 0.16267786920070648, 0.4724521040916443, 0.2915365993976593]]
[[0.23863935470581055, 0.5947415232658386, 0.4895687699317932, 0.7107020020484924]]
[]
[[0.10096883773803711, 0.29189538955688477, 0.8334420323371887, 0.6596868634223938]]
[[0.040512215346097946, 0.030748382210731506, 0.6069141030311584, 0.2449554055929184], [0.0987509936094284, 0.7416515350341797, 0.625742495059967, 0.9626415967941284], [0.1089826449751854, 0.3817622661590576, 0.5119810104370117, 0.5583073496818542]]
[[0.026198698207736015, 0.08776913583278656, 0.2206607162952423, 0.1806369572877884]]
[[0.12064027041196823, 0.41762775182724, 0.4663611054420471, 0.5804684162139893]]
[[0.1376492977142334, 0.23722127079963684, 0.46528053283691406, 0.3768269121646881], [0.09466448426246643, 0.6840202212333679, 0.412820965051651, 0.835902988910675]]
[[0.062289655208587646, 0.02770528942346573, 0.3206232488155365, 0.13265222311019897], [0.06006960943341255, 0.5628108382225037, 0.31638553738594055, 0.6808539032936096]]
[]
[[0.09255755692720413, 0.35878437757492065, 0.6704721450805664, 0.6675587892532349]]
[[0.1438436657190323, 0.41941097378730774, 0.4476969540119171, 0.6107725501060486], [0.14361625909805298, 0.7407521605491638, 0.6533732414245605, 0.9840599894523621], [0.14948596060276031, 0.3033328056335449, 0.3805237114429474, 0.42748504877090454]]
[[0.23924937844276428, 0.569317638874054, 0.4886901080608368, 0.7047933340072632], [0.09926825761795044, 0.08169025182723999, 0.39619219303131104, 0.2517227828502655]]
[[0.48423999547958374, 0.44385606050491333, 0.907198965549469, 0.8688521385192871], [0.01432971004396677, 0.12344443053007126, 0.35891517996788025, 0.5006963014602661]]
[[0.2477020025253296, 0.837476909160614, 0.4495753049850464, 0.9865227341651917]]
[[0.36508670449256897, 0.6916083097457886, 0.9055311679840088, 0.9126533269882202]]
[[0.028684670105576515, 0.592424750328064, 0.33446937799453735, 0.9411618113517761]]
[[0.6659266352653503, 0.08683168888092041, 0.969620943069458, 0.18778640031814575]]
[]
[[0.1206899881362915, 0.39636898040771484, 0.6191684007644653, 0.5379911661148071]]
[[0.2533978223800659, 0.6232461929321289, 0.5718872547149658, 0.7551379203796387], [0.1761063039302826, 0.0726359412074089, 0.5594090819358826, 0.2317347526550293], [0.19540008902549744, 0.7733156681060791, 0.5098682045936584, 0.9063277244567871]]
[[0.04435150325298309, 0.4400097727775574, 0.904417872428894, 0.9664247632026672]]
[[0.057881470769643784, 0.7029675245285034, 0.493741512298584, 0.9437478184700012]]
[]
[]
[[0.007348166778683662, 0.16370317339897156, 0.8785205483436584, 0.6870607137680054]]
[[0.11377788335084915, 0.6161962747573853, 0.20708410441875458, 0.7373760938644409], [0.5463852286338806, 0.5124548077583313, 0.6722756028175354, 0.6582898497581482]]
[[0.11728114634752274, 0.7100092768669128, 0.31937938928604126, 0.8241539597511292]]
[[0.26228561997413635, 0.6172418594360352, 0.5587799549102783, 0.8203282952308655], [0.061179112643003464, 0.2739691138267517, 0.39748311042785645, 0.5031577348709106]]
[[0.146879643201828, 0.733302652835846, 0.3638726770877838, 0.9611008763313293]]
[[0.06644134223461151, 0.4535999596118927, 0.47326791286468506, 0.5638328790664673]]
[[0.05616552010178566, 0.4046332836151123, 0.39398348331451416, 0.6298362612724304]]
[[0.13608331978321075, 0.28421276807785034, 0.51407790184021, 0.4842921197414398]]
[[0.04034845903515816, 0.2868249714374542, 0.27839651703834534, 0.5444685816764832]]
[[0.2477002739906311, 0.4663470387458801, 0.635866105556488, 0.6278805136680603]]
[[0.0622839517891407, 0.315891832113266, 0.9255596995353699, 0.6622079610824585]]
[]
[[0.09502086043357849, 0.265184223651886, 0.6266226768493652, 0.5052666068077087]]
[[0.18758466839790344, 0.780556321144104, 0.7557265758514404, 0.9823390245437622], [0.2447364181280136, 0.027871347963809967, 0.5057317018508911, 0.16738733649253845], [0.05473090335726738, 0.22986334562301636, 0.32032880187034607, 0.3620697259902954]]
[]
[[0.5526275038719177, 0.23195572197437286, 0.7966589331626892, 0.43030714988708496]]
[0.0, 0.0, 0.0, 0.0]
[[0.3371058702468872, 0.5929566025733948, 0.7074462175369263, 0.7481910586357117], [0.08071497827768326, 0.06622526049613953, 0.4918305575847626, 0.23974710702896118], [0.06560830771923065, 0.33142685890197754, 0.5019962191581726, 0.5113556981086731]]
[[0.6911559104919434, 0.550380289554596, 0.8819724321365356, 0.8197123408317566]]
[[0.05199316143989563, 0.37703001499176025, 0.4487283527851105, 0.6063330769538879]]
[]
[[0.1379885971546173, 0.457314133644104, 0.46400150656700134, 0.6163126230239868]]
[[0.14563313126564026, 0.1015118658542633, 0.3853877782821655, 0.24492251873016357]]
[[0.1179867535829544, 0.2870157063007355, 0.24608483910560608, 0.5063326358795166]]
[[0.2186337560415268, 0.5837432146072388, 0.6598774194717407, 0.7772375345230103], [0.3042159080505371, 0.4303673505783081, 0.6671782732009888, 0.5929575562477112], [0.11432841420173645, 0.2410416305065155, 0.4381684958934784, 0.44790178537368774]]
[]
[[0.014715958386659622, 0.3200347125530243, 0.844499409198761, 0.7266458868980408]]
[0.0, 0.0, 0.0, 0.0]
[[0.1287754476070404, 0.26236045360565186, 0.7731968760490417, 0.46328067779541016], [0.41565436124801636, 0.04629494249820709, 0.9709129929542542, 0.23653583228588104]]
[[0.22382858395576477, 0.1882593184709549, 0.4962218105792999, 0.3138890266418457]]
[]
[[0.035449255257844925, 0.19001764059066772, 0.5332414507865906, 0.44134896993637085], [0.16121511161327362, 0.6941970586776733, 0.9448760151863098, 0.9562808275222778], [0.15348529815673828, 0.44526562094688416, 0.9762462377548218, 0.6913368105888367]]
[[0.3294289708137512, 0.4852713942527771, 0.6389380693435669, 0.6524191498756409], [0.3844820261001587, 0.06658568233251572, 0.5927872657775879, 0.1681785136461258]]
[[0.02132006362080574, 0.16142849624156952, 0.31693440675735474, 0.32885611057281494], [0.1556997150182724, 0.3990187644958496, 0.5032476782798767, 0.6076761484146118]]
[[0.3146595060825348, 0.5447484850883484, 0.694136917591095, 0.7364581227302551]]
[[0.36394140124320984, 0.5009629130363464, 0.5157577395439148, 0.6044845581054688], [0.17024610936641693, 0.3223158121109009, 0.34087949991226196, 0.42455214262008667], [0.227960467338562, 0.7036961913108826, 0.40789031982421875, 0.8106176853179932]]
[[0.1875208616256714, 0.3759913444519043, 0.7717610001564026, 0.6035852432250977], [0.15914443135261536, 0.10527396202087402, 0.6672084331512451, 0.3701668083667755]]
[[0.07307036221027374, 0.4265874922275543, 0.35425883531570435, 0.5500204563140869], [0.4362834095954895, 0.8365770578384399, 0.667283296585083, 0.9399895668029785]]
[[0.09968796372413635, 0.18687674403190613, 0.49214380979537964, 0.37553736567497253]]
[[0.11238351464271545, 0.15624745190143585, 0.8240607380867004, 0.4565293788909912], [0.4257447123527527, 0.4503515362739563, 0.9672807455062866, 0.6980926394462585]]
[[0.6794667840003967, 0.47477012872695923, 0.8201112151145935, 0.7389441728591919], [0.40749552845954895, 0.3652617931365967, 0.5578644871711731, 0.6917394399642944], [0.1103946715593338, 0.15466348826885223, 0.17780213057994843, 0.299369215965271]]
[[0.13464760780334473, 0.390615314245224, 0.6274757981300354, 0.6272904276847839]]
[]
[]
[[0.0002046691079158336, 0.10849611461162567, 0.591646134853363, 0.4476441740989685]]
[[0.24194392561912537, 0.694712221622467, 0.5603060722351074, 0.8600157499313354], [0.0664895549416542, 0.16029386222362518, 0.39767539501190186, 0.33578890562057495]]
[[0.06049033999443054, 0.10014046728610992, 0.5756160020828247, 0.2906162738800049], [0.05183212459087372, 0.6220789551734924, 0.47009873390197754, 0.7683557868003845]]
[[0.11904396116733551, 0.4476574659347534, 0.6199858784675598, 0.7293040752410889]]
[[0.31330257654190063, 0.5032600164413452, 0.5965419411659241, 0.651040256023407], [0.4256041944026947, 0.16394925117492676, 0.6857897043228149, 0.32282426953315735]]
[[0.3778870105743408, 0.43952640891075134, 0.5162214040756226, 0.5371321439743042], [0.40027889609336853, 0.5559986233711243, 0.549161434173584, 0.6534051299095154]]
[[0.07178954780101776, 0.617588460445404, 0.36892879009246826, 0.7907677292823792]]
[[0.1925683319568634, 0.45872020721435547, 0.565927267074585, 0.7314999103546143], [0.19538548588752747, 0.13403034210205078, 0.5466464757919312, 0.4067838490009308]]
[[0.3613969385623932, 0.29056528210639954, 0.5059714317321777, 0.4537677764892578], [0.6871141195297241, 0.5799844264984131, 0.8565284013748169, 0.7590782046318054], [0.028210973367094994, 0.28040751814842224, 0.1673227995634079, 0.4393598139286041]]
[[0.780662477016449, 0.40633586049079895, 0.9193575978279114, 0.6406156420707703], [0.02132747508585453, 0.3814956247806549, 0.13521604239940643, 0.5658539533615112], [0.5314353704452515, 0.4000546932220459, 0.6419291496276855, 0.5983829498291016], [0.26566410064697266, 0.32860058546066284, 0.40172702074050903, 0.5323446989059448], [0.5540924072265625, 0.6705106496810913, 0.679417610168457, 0.8508574366569519]]
[]
[[0.07840538769960403, 0.6692473292350769, 0.3803817629814148, 0.8042909502983093]]
[[0.16152310371398926, 0.5993028879165649, 0.3548511266708374, 0.6858543157577515]]
[[0.1439232975244522, 0.42112770676612854, 0.37991419434547424, 0.5346923470497131]]
[[0.10272155702114105, 0.3426530361175537, 0.33767369389533997, 0.46819910407066345]]
[[0.66605544090271, 0.8401455283164978, 0.9189014434814453, 0.9581076502799988], [0.06021265685558319, 0.21712961792945862, 0.3209330439567566, 0.3283279836177826], [0.6449281573295593, 0.17881333827972412, 0.9217769503593445, 0.30171999335289], [0.3485231399536133, 0.6002262234687805, 0.6007915139198303, 0.7101253867149353], [0.49078765511512756, 0.4563777446746826, 0.730586051940918, 0.5582667589187622]]
[[0.7172375917434692, 0.38909292221069336, 0.881241500377655, 0.6501912474632263], [0.05501112714409828, 0.364884614944458, 0.19193792343139648, 0.5723186135292053]]
[[0.14064255356788635, 0.8582121133804321, 0.484564870595932, 1.0], [0.20083720982074738, 0.6452154517173767, 0.41552695631980896, 0.7908968925476074], [0.2960400879383087, 0.034421686083078384, 0.5673856139183044, 0.1530858427286148], [0.28719136118888855, 0.27636611461639404, 0.43940970301628113, 0.3776765465736389]]
[]
[[0.22948992252349854, 0.8812324404716492, 0.4502885043621063, 0.9857583045959473], [0.03753068298101425, 0.5972649455070496, 0.26996827125549316, 0.7253363728523254]]
[]
[[0.13870687782764435, 0.2994197607040405, 0.771560788154602, 0.5925713777542114], [0.0783015713095665, 0.4668894410133362, 0.7738655805587769, 0.9562162756919861]]
[[0.12759071588516235, 0.10579004883766174, 0.4073652923107147, 0.26207080483436584], [0.2766033411026001, 0.4482743442058563, 0.5058125257492065, 0.6199332475662231]]
[]
[[0.3147605359554291, 0.10410651564598083, 0.6789301633834839, 0.3141837418079376], [0.28242430090904236, 0.5754576325416565, 0.7418529391288757, 0.7824544310569763], [0.009738960303366184, 0.29311707615852356, 0.2756515145301819, 0.4619818329811096], [0.012844289653003216, 0.4536329507827759, 0.34880331158638, 0.6388707160949707]]
[[0.13699853420257568, 0.6383854746818542, 0.4555414915084839, 0.8133031725883484], [0.29267624020576477, 0.12389356642961502, 0.5834342241287231, 0.30565348267555237], [0.21342632174491882, 0.4798966646194458, 0.5016508102416992, 0.6294192671775818]]
[[0.08326835930347443, 0.5734379291534424, 0.7444273829460144, 0.868287980556488], [0.3298855721950531, 0.3708077669143677, 0.7246721386909485, 0.5419663786888123], [0.2557096481323242, 0.10000654309988022, 0.6936013698577881, 0.28397125005722046]]
[[0.3150276839733124, 0.5714213252067566, 0.5365766286849976, 0.7058142423629761], [0.23095698654651642, 0.7237932085990906, 0.5560034513473511, 0.8683230876922607], [0.13891275227069855, 0.08456683903932571, 0.42948251962661743, 0.22224269807338715], [0.17236176133155823, 0.2592720091342926, 0.3908264636993408, 0.4174387753009796]]
[[0.10342627763748169, 0.7058506608009338, 0.5946003198623657, 0.9021710753440857], [0.04726676270365715, 0.06811022013425827, 0.5771734118461609, 0.24985718727111816]]
[[0.4861343502998352, 0.7037830948829651, 0.7669036388397217, 0.8655000329017639], [0.3933497667312622, 0.20808422565460205, 0.7966058254241943, 0.3766821026802063], [0.04247257113456726, 0.21523432433605194, 0.3314792215824127, 0.37656742334365845], [0.30311957001686096, 0.47209402918815613, 0.6668357253074646, 0.6276458501815796]]
[[0.24495097994804382, 0.6567412614822388, 0.6034761667251587, 0.8381917476654053], [0.24422454833984375, 0.24684958159923553, 0.5674503445625305, 0.41490262746810913]]
[[0.14235104620456696, 0.22251194715499878, 0.38012343645095825, 0.37969231605529785], [0.3745569884777069, 0.6292574405670166, 0.6246100068092346, 0.7646443843841553]]
[[0.13593129813671112, 0.6977995038032532, 0.6047384738922119, 0.8821941614151001], [0.15067917108535767, 0.15090787410736084, 0.6405931711196899, 0.3783424496650696]]
[[0.20798490941524506, 0.4097816050052643, 0.5580083131790161, 0.6082763671875]]
[]
[]
[[0.2012755274772644, 0.18731074035167694, 0.4442397654056549, 0.31940093636512756], [0.2783675193786621, 0.6443182826042175, 0.5229591727256775, 0.8035604357719421]]
[[0.12085488438606262, 0.331201434135437, 0.8034072518348694, 0.6209082007408142]]
[[0.1251397728919983, 0.4682435989379883, 0.34727784991264343, 0.5725520849227905]]
[[0.2561611831188202, 0.0938938781619072, 0.6966109275817871, 0.3400162160396576]]
[[0.14651155471801758, 0.5449159145355225, 0.4782479405403137, 0.749833881855011]]
[]
[]
[[0.03883487731218338, 0.05365762114524841, 0.3383132219314575, 0.40498408675193787]]
[[0.030735427513718605, 0.6191360354423523, 0.2645384967327118, 0.8784644603729248]]
[[0.24612747132778168, 0.0998639464378357, 0.5214806199073792, 0.2375899702310562], [0.2552778720855713, 0.45104044675827026, 0.5403034687042236, 0.5914771556854248], [0.08620461821556091, 0.25017261505126953, 0.4858238995075226, 0.4386714696884155], [0.3850914537906647, 0.006432098336517811, 0.5788800120353699, 0.09423498064279556]]
[]
[[0.010982452891767025, 0.30924180150032043, 0.2724725604057312, 0.6941359043121338], [0.6845765113830566, 0.2746942341327667, 0.9429208636283875, 0.6092798113822937], [0.38708776235580444, 0.07965044677257538, 0.5045386552810669, 0.28466618061065674], [0.3842293918132782, 0.7065019607543945, 0.510617196559906, 0.9203306436538696]]
[[0.07791943848133087, 0.32487085461616516, 0.3663748502731323, 0.6033466458320618], [0.5358178615570068, 0.3843480050563812, 0.8661032915115356, 0.6902705430984497]]
[[0.14327867329120636, 0.0794464498758316, 0.3067375123500824, 0.25347819924354553], [0.5513784885406494, 0.5765584707260132, 0.7579630613327026, 0.7739483714103699]]
[[0.16567322611808777, 0.18109722435474396, 0.5049102902412415, 0.3895896077156067]]
[[0.14589177072048187, 0.5214039087295532, 0.4675617814064026, 0.668791651725769]]
[[0.29630887508392334, 0.40744277834892273, 0.414264053106308, 0.4904221296310425]]
[[0.08186519145965576, 0.04975558817386627, 0.9494637846946716, 0.3367888927459717]]
[[0.05823201686143875, 0.8149777054786682, 0.509324312210083, 0.9793370962142944], [0.08424670249223709, 0.28124648332595825, 0.4742301404476166, 0.4611939787864685]]
[[0.2315431833267212, 0.6097700595855713, 0.4968855381011963, 0.7443370223045349], [0.12148631364107132, 0.30837178230285645, 0.4020408093929291, 0.4617537260055542]]
[[0.18305177986621857, 0.1885325163602829, 0.4577532708644867, 0.36351582407951355]]
[[0.07877711206674576, 0.37077629566192627, 0.5271583199501038, 0.5537543296813965]]
[[0.42774638533592224, 0.10073763132095337, 0.6273643374443054, 0.23003928363323212], [0.23923757672309875, 0.2983267903327942, 0.5096906423568726, 0.43766891956329346], [0.39494240283966064, 0.803459644317627, 0.5973329544067383, 0.9357070922851562], [0.18462051451206207, 0.42909878492355347, 0.3853752315044403, 0.5508064031600952]]
[[0.055695682764053345, 0.9182000756263733, 0.3219897747039795, 0.9930400252342224], [0.07834961265325546, 0.6734291315078735, 0.31873294711112976, 0.7772129774093628]]
[[0.21970154345035553, 0.6926797032356262, 0.5807362794876099, 0.8833554983139038], [0.14480341970920563, 0.10312967002391815, 0.5764496922492981, 0.29201868176460266]]
[]
[[0.15733569860458374, 0.5422751307487488, 0.6054920554161072, 0.7245115637779236], [0.5049664378166199, 0.7571884989738464, 0.6661300659179688, 0.867996871471405]]
[[0.00964338518679142, 0.2599155902862549, 0.2816610634326935, 0.39267879724502563]]
[]
[[0.18482084572315216, 0.6920838952064514, 0.479942262172699, 0.8478235602378845]]
[[0.2885187864303589, 0.5205323696136475, 0.6977376341819763, 0.71744704246521], [0.2674318253993988, 0.7221108078956604, 0.6897233128547668, 0.9334872364997864], [0.22344020009040833, 0.11013133078813553, 0.5213509202003479, 0.3020297586917877], [0.19542337954044342, 0.28743281960487366, 0.6646172404289246, 0.5119515657424927]]
[]
[[0.19718272984027863, 0.6741968989372253, 0.5285099148750305, 0.8422613143920898], [0.28380775451660156, 0.26852521300315857, 0.5493093729019165, 0.42519301176071167]]
[[0.21719856560230255, 0.45115599036216736, 0.7024391889572144, 0.6919073462486267]]
[[0.25011202692985535, 0.23795142769813538, 0.5630649924278259, 0.4087861478328705], [0.21748408675193787, 0.481099933385849, 0.43961870670318604, 0.6178044676780701]]
[[0.19355449080467224, 0.24377375841140747, 0.668991208076477, 0.592643141746521]]
[[0.13053511083126068, 0.25098875164985657, 0.37920641899108887, 0.42326757311820984], [0.1280524879693985, 0.021873755380511284, 0.4334850013256073, 0.17702381312847137], [0.13561570644378662, 0.7915153503417969, 0.3896733224391937, 0.9414686560630798]]
[[0.20265673100948334, 0.4079621732234955, 0.7196924090385437, 0.7046976089477539]]
[]
[[0.13621456921100616, 0.44761496782302856, 0.31347036361694336, 0.551006019115448]]
[]
[[0.151524156332016, 0.44616562128067017, 0.6050642132759094, 0.6478195786476135]]
[[0.10392626374959946, 0.1760615110397339, 0.5924165844917297, 0.5039461851119995]]
[0.0, 0.0, 0.0, 0.0]
[[0.49716421961784363, 0.062045734375715256, 0.7951832413673401, 0.38300344347953796], [0.30406758189201355, 0.3365892469882965, 0.5468572974205017, 0.6211804151535034]]
[[0.10021957010030746, 0.22279468178749084, 0.4788264334201813, 0.39815786480903625]]
[[0.1726568192243576, 0.18177393078804016, 0.31369638442993164, 0.45137253403663635]]
[[0.538080096244812, 0.24936029314994812, 0.935488224029541, 0.3952217400074005], [0.4079004228115082, 0.37931588292121887, 0.8692378997802734, 0.5117756128311157], [0.5948021411895752, 0.5111188292503357, 0.9714309573173523, 0.6514509320259094], [0.04199263080954552, 0.6231804490089417, 0.5129380226135254, 0.7759398818016052]]
[[0.25512394309043884, 0.45603838562965393, 0.4745822846889496, 0.7007753252983093], [0.12122863531112671, 0.07869892567396164, 0.3968908488750458, 0.35762229561805725]]
[[0.12381450086832047, 0.7867476344108582, 0.4573625922203064, 0.9541545510292053], [0.18235011398792267, 0.4425102472305298, 0.45628368854522705, 0.5602877140045166], [0.03000062145292759, 0.015280582010746002, 0.3043229281902313, 0.19483467936515808]]
[[0.1412361115217209, 0.48247694969177246, 0.5549554228782654, 0.6930469274520874]]
[[0.08515660464763641, 0.16546902060508728, 0.4754897952079773, 0.340000718832016], [0.07556691765785217, 0.70923912525177, 0.41629645228385925, 0.8534109592437744]]
[[0.08555677533149719, 0.3198137581348419, 0.3808511197566986, 0.46227577328681946]]
[]
[[0.09480524808168411, 0.3150896728038788, 0.8812496066093445, 0.6599604487419128]]
[[0.129689022898674, 0.27151691913604736, 0.8693426847457886, 0.6020942330360413]]
[[0.11656825244426727, 0.42296740412712097, 0.41772595047950745, 0.6036451458930969]]
[]
[[0.3012505769729614, 0.5193727016448975, 0.6238357424736023, 0.7046566605567932], [0.05032166838645935, 0.1117485985159874, 0.4715736508369446, 0.3253808915615082]]
[0.0, 0.0, 0.0, 0.0]
[[0.02171074040234089, 0.25582432746887207, 0.4101013243198395, 0.4462013840675354]]
[[0.038326963782310486, 0.523907482624054, 0.4175527095794678, 0.6806880831718445]]
[]
[]
[]
[]
[[0.16974884271621704, 0.6955686211585999, 0.6647958755493164, 0.9446039199829102], [0.05063120648264885, 0.07875856757164001, 0.6012535095214844, 0.3635573089122772]]
[[0.14108826220035553, 0.5565784573554993, 0.6605622172355652, 0.8178995251655579], [0.12290140986442566, 0.260704904794693, 0.6755635738372803, 0.5414114594459534]]
[0.0, 0.0, 0.0, 0.0]
[[0.10545727610588074, 0.397976279258728, 0.4179173409938812, 0.5100581645965576]]
[[0.47472280263900757, 0.07253516465425491, 0.7934626340866089, 0.18136683106422424], [0.3734774887561798, 0.4782449007034302, 0.7265478372573853, 0.5741443634033203], [0.4447740912437439, 0.2751207947731018, 0.7776051759719849, 0.3735136389732361], [0.32454928755760193, 0.7987382411956787, 0.656301736831665, 0.8913991451263428], [0.3219466805458069, 0.6913934946060181, 0.7066982388496399, 0.8032519817352295]]
[[0.07654524594545364, 0.3788614869117737, 0.3539523780345917, 0.5361430644989014]]
[[0.5144064426422119, 0.7201889157295227, 0.746955156326294, 0.8703152537345886], [0.7386568188667297, 0.40228140354156494, 0.9474391937255859, 0.5614961385726929]]
[[0.3070523142814636, 0.37882107496261597, 0.7159201502799988, 0.5615954995155334]]
[[0.028315331786870956, 0.3305842876434326, 0.7638542056083679, 0.6325430870056152]]
[[0.10586513578891754, 0.24482294917106628, 0.7745494842529297, 0.5371067523956299]]
[[0.11088607460260391, 0.21759530901908875, 0.46031200885772705, 0.4093998968601227], [0.13503235578536987, 0.7658296227455139, 0.5758711695671082, 0.9826861023902893]]
[[0.18243198096752167, 0.3170905113220215, 0.547398567199707, 0.4585576057434082]]
[[0.20479212701320648, 0.5046281814575195, 0.4120342433452606, 0.6215415000915527]]
[[0.160556361079216, 0.5087891817092896, 0.43253234028816223, 0.6328243017196655], [0.31184154748916626, 0.20819556713104248, 0.5020036101341248, 0.28052547574043274], [0.3258427381515503, 0.2981545925140381, 0.6248669624328613, 0.40263885259628296]]
[]
[]
[[0.3881068825721741, 0.4221784472465515, 0.7230168581008911, 0.5828596949577332]]
[[0.3086530268192291, 0.04398210346698761, 0.7076193690299988, 0.24491624534130096], [0.0661928653717041, 0.539857804775238, 0.5530934929847717, 0.7843756079673767], [0.32867541909217834, 0.2764012813568115, 0.780357837677002, 0.5010698437690735]]
[]
[[0.2343844175338745, 0.8679429888725281, 0.4413318634033203, 0.9795894026756287], [0.2707992494106293, 0.5025720596313477, 0.5397033095359802, 0.6649796366691589]]
[[0.5786054730415344, 0.44052571058273315, 0.8731328845024109, 0.5858030915260315]]
[[0.3460405766963959, 0.46425771713256836, 0.6638606190681458, 0.6056956052780151]]
[[0.1405586302280426, 0.17028145492076874, 0.46924495697021484, 0.29480335116386414], [0.2523086369037628, 0.5108090043067932, 0.6156659126281738, 0.6520705819129944]]
[]
[[0.1087985560297966, 0.5344740152359009, 0.7382486462593079, 0.7676297426223755]]
[[0.35244816541671753, 0.13617712259292603, 0.6641287207603455, 0.2907376289367676], [0.2222972959280014, 0.7297621369361877, 0.4811733663082123, 0.8402794003486633], [0.15969125926494598, 0.5364310145378113, 0.504033625125885, 0.702408492565155]]
[[0.019648196175694466, 0.36607950925827026, 0.234136700630188, 0.5549600124359131]]
[[0.16538585722446442, 0.37174123525619507, 0.35815009474754333, 0.4794292449951172]]
[[0.2863382399082184, 0.588910698890686, 0.5359842777252197, 0.7716103196144104], [0.14844438433647156, 0.3924235999584198, 0.4394306540489197, 0.5524378418922424], [0.05911242216825485, 0.22432279586791992, 0.429435133934021, 0.40774551033973694]]
[[0.23477694392204285, 0.22186872363090515, 0.5493546724319458, 0.3346908986568451], [0.08554550260305405, 0.40594467520713806, 0.46687400341033936, 0.5180788636207581], [0.23296475410461426, 0.3240184485912323, 0.580727219581604, 0.4186699092388153]]
[[0.06479836255311966, 0.4836660325527191, 0.2534158229827881, 0.7182179689407349]]
[[0.016409683972597122, 0.16145563125610352, 0.7207147479057312, 0.5134177803993225]]
[[0.201773539185524, 0.018454037606716156, 0.6663811802864075, 0.1884525716304779], [0.03225803002715111, 0.6362960934638977, 0.5354905128479004, 0.8796072602272034], [0.19080781936645508, 0.46018943190574646, 0.566521406173706, 0.6464085578918457]]
[[0.06954027712345123, 0.7166377305984497, 0.8583187460899353, 0.9881589412689209], [0.08109571039676666, 0.019083723425865173, 0.8543022871017456, 0.30648136138916016], [0.039216432720422745, 0.4481673240661621, 0.37556523084640503, 0.5731884241104126]]
[[0.25032928586006165, 0.21007132530212402, 0.4479910135269165, 0.3147866725921631]]
[[0.2592777907848358, 0.24424070119857788, 0.41824132204055786, 0.5007905960083008], [0.7806528210639954, 0.29087960720062256, 0.9678133130073547, 0.648938000202179], [0.014608108438551426, 0.5584545731544495, 0.093507319688797, 0.7041007876396179]]
[[0.4123038351535797, 0.24720309674739838, 0.599943220615387, 0.3413068652153015]]
[[0.03589180111885071, 0.46568769216537476, 0.20975740253925323, 0.5436275601387024], [0.0862543135881424, 0.15882590413093567, 0.34646493196487427, 0.25476112961769104]]
[[0.11818835884332657, 0.32374560832977295, 0.5062390565872192, 0.465282678604126]]
[[0.34301066398620605, 0.1431603878736496, 0.6978822946548462, 0.28856098651885986], [0.23561358451843262, 0.39428967237472534, 0.8306936025619507, 0.6522367596626282], [0.1257082223892212, 0.6822816133499146, 0.6028904914855957, 0.8479632139205933], [0.443698525428772, 0.8424703478813171, 0.972083568572998, 0.9898114800453186]]
[[0.25439414381980896, 0.7819363474845886, 0.447154700756073, 0.9186485409736633], [0.3016483187675476, 0.3837738335132599, 0.5337994694709778, 0.5048051476478577], [0.07861333340406418, 0.03035164810717106, 0.3725988268852234, 0.17963601648807526]]
[]
[[0.07152392715215683, 0.4056810736656189, 0.3813082277774811, 0.7556262612342834], [0.5269758701324463, 0.15917564928531647, 0.8981888294219971, 0.5844249725341797]]
[[0.1839013397693634, 0.49846190214157104, 0.7430851459503174, 0.7137208580970764]]
[[0.31739410758018494, 0.6574574112892151, 0.574471116065979, 0.8144305348396301], [0.257620245218277, 0.28267377614974976, 0.4678094685077667, 0.43842047452926636]]
[[0.3429192304611206, 0.5718491673469543, 0.532471239566803, 0.679360032081604], [0.1667190045118332, 0.3051707446575165, 0.39631104469299316, 0.43353161215782166]]
[[0.181695818901062, 0.5850149393081665, 0.6664775013923645, 0.7494041919708252]]
[[0.3019980788230896, 0.022314418107271194, 0.5152100920677185, 0.1351059079170227], [0.10583148151636124, 0.7871291637420654, 0.3579763174057007, 0.9239004254341125]]
[[0.439685195684433, 0.6272024512290955, 0.7291533350944519, 0.8115182518959045], [0.1503182202577591, 0.25817325711250305, 0.5788986682891846, 0.43050023913383484], [0.2179809957742691, 0.5997977256774902, 0.53912353515625, 0.7733330726623535], [0.09505203366279602, 0.7829198837280273, 0.4783715605735779, 0.9442692995071411]]
[[0.24014043807983398, 0.540381133556366, 0.5167251229286194, 0.6713151931762695]]
[]
[[0.030429914593696594, 0.2540147006511688, 0.3480191230773926, 0.7485821843147278]]
[[0.2730318605899811, 0.48862218856811523, 0.8096063137054443, 0.6968772411346436], [0.13135772943496704, 0.053125232458114624, 0.7912258505821228, 0.3171665072441101], [0.021930623799562454, 0.674441397190094, 0.5879848003387451, 0.9359011054039001]]
[[0.3280161917209625, 0.8089318871498108, 0.6620705723762512, 0.9322920441627502]]
[[0.25037646293640137, 0.03602972999215126, 0.6397450566291809, 0.13783441483974457], [0.17709876596927643, 0.25000670552253723, 0.6644282937049866, 0.36316850781440735], [0.1192043125629425, 0.8658756613731384, 0.5738062858581543, 0.9797255396842957]]
[[0.12392556667327881, 0.5507703423500061, 0.6942232251167297, 0.7593323588371277], [0.25059351325035095, 0.2605189085006714, 0.8530658483505249, 0.4728012681007385]]
[]
[[0.15503908693790436, 0.41948333382606506, 0.495077520608902, 0.6156883239746094]]
[[0.4413064122200012, 0.20807069540023804, 0.6017806529998779, 0.3083898425102234]]
[[0.11269625276327133, 0.4793057441711426, 0.3584391474723816, 0.6405515074729919], [0.2048722505569458, 0.021762900054454803, 0.4593055248260498, 0.1617574542760849]]
[[0.19852584600448608, 0.5936686396598816, 0.5295940041542053, 0.7660036683082581], [0.11389780044555664, 0.2828724980354309, 0.533241868019104, 0.48769357800483704]]
[[0.18056297302246094, 0.7278227210044861, 0.4041934013366699, 0.846848726272583]]
[[0.2770451307296753, 0.5353135466575623, 0.5809395909309387, 0.6938474178314209]]
[[0.4848870038986206, 0.3026694655418396, 0.616703987121582, 0.37860623002052307], [0.34880325198173523, 0.6476430892944336, 0.4843507409095764, 0.7300586104393005]]
[]
[[0.04828871786594391, 0.5283700227737427, 0.4200558066368103, 0.6713663339614868]]
[[0.1768934577703476, 0.26496201753616333, 0.5106925964355469, 0.3818548321723938], [0.4498237371444702, 0.6163542866706848, 0.7502321004867554, 0.735919177532196]]
[0.0, 0.0, 0.0, 0.0]
[[0.04050359129905701, 0.14548136293888092, 0.2674950361251831, 0.32845252752304077]]
[[0.05388519540429115, 0.5345767736434937, 0.3560295104980469, 0.6948486566543579]]
[[0.09724848717451096, 0.5345191359519958, 0.5189809799194336, 0.7513678073883057]]
[[0.21470408141613007, 0.17592522501945496, 0.541417121887207, 0.3357159197330475]]
[]
[[0.23023061454296112, 0.38045984506607056, 0.35808390378952026, 0.4425695538520813]]
[[0.20022256672382355, 0.4924226999282837, 0.4377322494983673, 0.5948292016983032]]
[[0.13265223801136017, 0.25529944896698, 0.8714237809181213, 0.5870335102081299]]
[[0.12497607618570328, 0.5089752078056335, 0.5119715929031372, 0.6815549731254578]]
[0.0, 0.0, 0.0, 0.0]
[[0.06606876850128174, 0.06663835048675537, 0.7972148656845093, 0.37085679173469543]]
[]
[]
[[0.07762551307678223, 0.41619622707366943, 0.8075352907180786, 0.7196671962738037]]
[[0.07712220400571823, 0.41492190957069397, 0.5641584396362305, 0.6178008913993835]]
[[0.14877822995185852, 0.2756512761116028, 0.7795203924179077, 0.6619272232055664]]
[[0.06299815326929092, 0.4011082053184509, 0.28162670135498047, 0.5980385541915894]]
[[0.024953525513410568, 0.7015012502670288, 0.4527886211872101, 0.8888955116271973], [0.0887472853064537, 0.12667036056518555, 0.450408935546875, 0.28961896896362305], [0.34799879789352417, 0.3185882568359375, 0.6845255494117737, 0.4675818681716919]]
[[0.5160296559333801, 0.28481924533843994, 0.7367461919784546, 0.43159568309783936], [0.3547377586364746, 0.5435778498649597, 0.6246684193611145, 0.6751587986946106], [0.07950956374406815, 0.7855968475341797, 0.42002490162849426, 0.9855877161026001]]
[[0.2546067237854004, 0.4407036304473877, 0.7337064743041992, 0.6703484058380127], [0.10026799887418747, 0.02635355293750763, 0.5553835034370422, 0.19225400686264038], [0.040134698152542114, 0.17551350593566895, 0.6487551331520081, 0.4045594334602356], [0.22784198820590973, 0.7269433736801147, 0.6993834972381592, 0.9538729190826416]]
[[0.036043718457221985, 0.15750238299369812, 0.28748226165771484, 0.2981138229370117], [0.023759976029396057, 0.6700220704078674, 0.34055793285369873, 0.7760164141654968]]
[[0.16070261597633362, 0.2026558816432953, 0.4665890336036682, 0.34507349133491516]]
[[0.11519361287355423, 0.2827017307281494, 0.5469978451728821, 0.49845653772354126]]
[[0.195242241024971, 0.5292136669158936, 0.37174370884895325, 0.6321088075637817]]
[]
[[0.3304305374622345, 0.5022541284561157, 0.7586596012115479, 0.7062126994132996], [0.23164229094982147, 0.054132793098688126, 0.6090849041938782, 0.27849510312080383], [0.07819473743438721, 0.6689791083335876, 0.5658023357391357, 0.9389141201972961]]
[[0.18940962851047516, 0.320462703704834, 0.6185339093208313, 0.440316379070282], [0.029410406947135925, 0.5366236567497253, 0.48552897572517395, 0.6569964289665222]]
[[0.32912737131118774, 0.27742868661880493, 0.643531322479248, 0.4261159896850586], [0.21679499745368958, 0.7785258889198303, 0.5246445536613464, 0.9211106896400452], [0.19964484870433807, 0.1581743210554123, 0.5297987461090088, 0.3077029585838318]]
[[0.04653884842991829, 0.4462926983833313, 0.24090437591075897, 0.5609046816825867]]
[[0.28775784373283386, 0.6446594595909119, 0.6579282283782959, 0.8266423940658569], [0.4638531506061554, 0.8570176959037781, 0.6993488669395447, 0.9696424603462219]]
[[0.06321991235017776, 0.44351285696029663, 0.7724329829216003, 0.7304983735084534]]
[[0.02642083540558815, 0.24672697484493256, 0.7950747609138489, 0.544056236743927]]
[[0.25536221265792847, 0.3135383725166321, 0.496948778629303, 0.4424505829811096]]
[[0.0, 0.3778654634952545, 0.6284240484237671, 0.9642729163169861]]
[]
[[0.06933509558439255, 0.28705713152885437, 0.7127830982208252, 0.5360044240951538]]
[]
[[0.24870647490024567, 0.5663596987724304, 0.49573370814323425, 0.7026006579399109], [0.23986981809139252, 0.12897838652133942, 0.502206027507782, 0.26948848366737366], [0.43139100074768066, 0.676243245601654, 0.6602477431297302, 0.8141065835952759]]
[[0.07674860209226608, 0.42506855726242065, 0.3831806778907776, 0.5596643090248108]]
[[0.03905101493000984, 0.08129135519266129, 0.3954305648803711, 0.23482269048690796], [0.07898019999265671, 0.7296513915061951, 0.28175532817840576, 0.8410031199455261]]
[[0.03938375040888786, 0.38225993514060974, 0.2824530005455017, 0.5339548587799072]]
[]
[[0.23814818263053894, 0.6184941530227661, 0.45101305842399597, 0.7044100761413574], [0.38829126954078674, 0.17497754096984863, 0.6397780776023865, 0.2676596939563751]]
[[0.042232077568769455, 0.37691229581832886, 0.34907418489456177, 0.4857165813446045]]
[[0.10782390832901001, 0.24783247709274292, 0.46307146549224854, 0.4810001254081726]]
[[0.02461269497871399, 0.28076982498168945, 0.3464115560054779, 0.7868602871894836]]
[[0.12297621369361877, 0.42650821805000305, 0.42734238505363464, 0.5672043561935425]]
[[0.10670987516641617, 0.47941482067108154, 0.6515251994132996, 0.6783071756362915]]
[[0.7353060245513916, 0.0201089046895504, 1.0, 0.13299398124217987], [0.24580489099025726, 0.05767266824841499, 0.44025999307632446, 0.15168142318725586], [0.19825883209705353, 0.8855438232421875, 0.4236930310726166, 0.9882386922836304]]
[[0.6150731444358826, 0.13672645390033722, 0.8061853051185608, 0.22600005567073822], [0.05519087612628937, 0.3259546756744385, 0.41789016127586365, 0.46693843603134155]]
[]
[]
[[0.024621501564979553, 0.5607972145080566, 0.2953071892261505, 0.6808717250823975]]
[[0.10192408412694931, 0.2725646197795868, 0.6963682174682617, 0.5868539810180664]]
[[0.19231148064136505, 0.45137953758239746, 0.5767423510551453, 0.6825187802314758]]
[[0.446261465549469, 0.261613130569458, 0.6420894861221313, 0.3695869445800781]]
[]
[[0.18795277178287506, 0.8047739267349243, 0.5126199126243591, 0.9656578302383423]]
[[0.0487552136182785, 0.8151587843894958, 0.32483941316604614, 0.9536447525024414]]
[]
[[0.02527792751789093, 0.5657142996788025, 0.4231061041355133, 0.7497482299804688]]
[[0.15986177325248718, 0.5240419507026672, 0.4471072554588318, 0.6903434991836548]]
[[0.3037284016609192, 0.03998443856835365, 0.6333904266357422, 0.2989715337753296], [0.18117080628871918, 0.3542019724845886, 0.5009198784828186, 0.6729968190193176]]
[]
[]
[[0.10679860413074493, 0.4148074686527252, 0.5800682902336121, 0.6278152465820312]]
[[0.03200952336192131, 0.11802473664283752, 0.8602172136306763, 0.6066780090332031]]
[[0.15520432591438293, 0.6436818242073059, 0.6260510683059692, 0.8725824952125549]]
[[0.01448849868029356, 0.3273804485797882, 0.33066946268081665, 0.48676201701164246]]
[]
[[0.37795889377593994, 0.4468759298324585, 0.5509431958198547, 0.5463882684707642], [0.2796766757965088, 0.31403204798698425, 0.40422242879867554, 0.3943353295326233]]
