[[0.23767225 0.56882954 0.45479578 0.663255  ]
 [0.2439063  0.06524353 0.46195382 0.15411237]]
[0. 0. 0. 0.]
[[0.03920056 0.5954284  0.29066554 0.7304874 ]
 [0.02700216 0.4636063  0.30544552 0.6126841 ]]
[0. 0. 0. 0.]
[[0.36072105 0.63572705 0.61081845 0.75176096]
 [0.3913171  0.27666855 0.65209067 0.40859234]]
[[0.5225932  0.36722875 0.76176006 0.53933775]
 [0.03660517 0.49212545 0.23349114 0.67321086]]
[[0.15581615 0.12505937 0.39820415 0.28206015]]
[]
[[0.03035964 0.72375566 0.1902549  0.95879865]
 [0.7168574  0.6011909  0.83923095 0.8224268 ]
 [0.3310385  0.13434847 0.5432952  0.43893847]]
[[0.14157382 0.70357716 0.36945426 0.9265109 ]]
[[0.12221303 0.5121349  0.71210796 0.74127996]]
[[0.07730348 0.27394333 0.32571423 0.5709279 ]
 [0.18479723 0.81864876 0.34214857 0.96454686]
 [0.10204346 0.03645344 0.3307437  0.24265338]]
[[0.09967672 0.03557414 0.34383267 0.15784009]
 [0.15047434 0.5408247  0.37119776 0.685562  ]
 [0.27652255 0.66798073 0.47664037 0.7834468 ]]
[[0.30397695 0.49675715 0.7369736  0.6516303 ]
 [0.06190338 0.212498   0.40491924 0.36992717]]
[[0.22382933 0.52912426 0.46159336 0.6245886 ]
 [0.14566651 0.6245447  0.41418612 0.7273795 ]]
[]
[[0.14316376 0.21306404 0.30755976 0.32705325]]
[]
[[0.55613977 0.4498712  0.77497274 0.66071695]
 [0.01944234 0.36886638 0.19154805 0.5588668 ]]
[[0.23400892 0.42551422 0.5215913  0.6501614 ]]
[[0.22259517 0.53531003 0.6593352  0.75763744]]
[[0.14805178 0.1250728  0.41311064 0.30787167]]
[[0.15634987 0.7808324  0.3810011  0.9253701 ]
 [0.06369797 0.09121115 0.32175237 0.24595545]]
[[0.38867363 0.18321505 0.7415323  0.468177  ]
 [0.58233374 0.48453584 0.85410714 0.74226445]]
[[0.06316298 0.38711828 0.24108374 0.5309784 ]]
[[0.2052588 0.4810465 0.390727  0.5852662]]
[[0.14751099 0.34354576 0.73695254 0.617766  ]]
[[0.5662302  0.48449957 0.8316119  0.6814452 ]
 [0.06482071 0.25508118 0.2697076  0.44199076]]
[[0.11274267 0.26443    0.8783108  0.73703986]]
[]
[]
[]
[]
[[0.52993035 0.05841493 0.7392699  0.24541306]]
[[0.26294374 0.37008604 0.521683   0.5007457 ]
 [0.01248356 0.49583346 0.17771907 0.63896996]]
[]
[[0.6531984  0.05097272 0.9133754  0.23000503]
 [0.57792026 0.7495136  0.89054394 0.95059013]
 [0.03079551 0.48837936 0.34533602 0.8000463 ]]
[[0.1221981  0.7707518  0.45894507 0.9262238 ]]
[[0.39655706 0.4494778  0.57099664 0.6501389 ]
 [0.08222274 0.48533368 0.2505958  0.68079793]]
[[0.02146391 0.6723139  0.2035304  0.828837  ]]
[[0.36828315 0.5919068  0.709117   0.6987681 ]]
[0. 0. 0. 0.]
[[0.5803286  0.16332243 0.83303535 0.2591574 ]
 [0.21454662 0.295831   0.4874288  0.40028223]
 [0.517596   0.57994086 0.7956618  0.6829563 ]
 [0.03770391 0.45088184 0.352474   0.56223667]]
[[0.01672761 0.15591644 0.27697313 0.38226053]
 [0.5565814  0.67608106 0.7787883  0.8372285 ]]
[[0.5017065  0.24437644 0.78497267 0.4772371 ]
 [0.66190267 0.7501062  0.873702   0.9712422 ]
 [0.05328025 0.10999662 0.40235215 0.38616082]]
[[0.3417354  0.11917982 0.56774825 0.25659293]
 [0.03479259 0.15176375 0.22041321 0.26489073]]
[]
[[0.05939468 0.38135174 0.2502789  0.6783792 ]
 [0.7047256  0.48604384 0.89806926 0.785788  ]
 [0.38121352 0.43175521 0.5775252  0.7844417 ]]
[[0.28429848 0.5779839  0.5395116  0.7553768 ]]
[0. 0. 0. 0.]
[[0.16301788 0.58372533 0.4237087  0.7986451 ]]
[[0.22336009 0.4548295  0.49950874 0.6079384 ]
 [0.13286853 0.2626333  0.48217082 0.41968116]
 [0.47575355 0.16384938 0.7532456  0.30220228]]
[[0.00157148 0.17083825 0.25235108 0.28859717]
 [0.00747919 0.7060536  0.24021456 0.8359958 ]]
[[0.46249908 0.29516864 0.68934387 0.42972904]
 [0.00234717 0.48928392 0.22370295 0.62225395]]
[[0.38252693 0.744387   0.5430623  0.84247726]]
[[0.08730968 0.37711656 0.45326748 0.55188686]]
[]
[[0.0547263  0.47545886 0.23873657 0.72247976]
 [0.36862695 0.4977526  0.55905354 0.7471524 ]]
[[0.13388135 0.22922638 0.292179   0.41432384]
 [0.07260839 0.5364672  0.31468993 0.85859436]]
[[0.3005384  0.20639402 0.66791075 0.39038372]
 [0.24306513 0.7054132  0.5662389  0.9028666 ]]
[]
[]
[[0.7136675  0.12928246 0.9595187  0.3308114 ]
 [0.37624416 0.13509843 0.61023325 0.3302864 ]]
[]
[0. 0. 0. 0.]
[[0.05420315 0.10816865 0.48215678 0.305979  ]]
[[0.13031682 0.4401199  0.39837947 0.5750835 ]]
[[0.39004746 0.71282935 0.62236685 0.85447264]
 [0.22801386 0.47139353 0.537197   0.64634305]]
[[0.08474697 0.42819962 0.5050427  0.6215554 ]]
[[5.0476259e-01 4.5900896e-02 9.2259729e-01 3.1539705e-01]
 [7.9565687e-04 2.6543567e-02 4.2281643e-01 2.8184292e-01]
 [1.2783700e-02 7.5704271e-01 2.4368857e-01 9.4442803e-01]
 [5.6005204e-01 7.2894400e-01 7.3716766e-01 8.5192800e-01]]
[[0.01842519 0.06172891 0.9563695  0.43016267]
 [0.03067325 0.5393595  0.48519078 0.7234872 ]
 [0.26339656 0.88440174 0.72846997 0.9996199 ]]
[[0.41802645 0.5997534  0.6336507  0.7374569 ]
 [0.15025416 0.10714854 0.38367254 0.2488963 ]
 [0.32534474 0.24036036 0.5768918  0.38767532]]
[[0.33465934 0.1336458  0.6651179  0.32253987]
 [0.14853553 0.68014127 0.4910746  0.8861121 ]
 [0.0659772  0.4522009  0.4814253  0.6496489 ]]
[[0.30274066 0.40761533 0.50895816 0.6002601 ]]
[[0.21668981 0.38617817 0.42646945 0.5113185 ]]
[[0.         0.18487348 0.80458325 0.52670413]]
[]
[[0.00572473 0.79029375 0.37554514 0.9890063 ]]
[]
[[0.13991903 0.31523812 0.674938   0.6428525 ]]
[]
[]
[[0.6338382  0.00513064 0.88454956 0.09903884]
 [0.02772604 0.47488916 0.25350145 0.58985126]]
[[0.46858338 0.31479546 0.6777536  0.45114172]]
[[0.19595873 0.40198994 0.64487296 0.6328708 ]]
[[0.03944375 0.6153285  0.31411377 0.7639862 ]]
[[0.12518279 0.31019625 0.49547616 0.490692  ]]
[[0.03882547 0.16150643 0.35725233 0.28767765]
 [0.46646225 0.45851758 0.7375601  0.5818881 ]]
[]
[[0.06378366 0.17606756 0.45280007 0.66905373]]
[[0.22739907 0.3710316  0.5658697  0.6388111 ]]
[[0.07820224 0.4124602  0.3057639  0.5391082 ]]
[[0.07435247 0.07358761 0.4677814  0.28641132]]
[[0.19827105 0.39868087 0.44682425 0.5335199 ]
 [0.1400896  0.26690483 0.38273084 0.41854742]
 [0.14453493 0.6330498  0.40737927 0.7732841 ]]
[[0.39019206 0.4449455  0.558801   0.5478353 ]]
[[0.32858172 0.20422773 0.8214898  0.7434417 ]]
[[0.10469343 0.32364875 0.60453403 0.6625135 ]]
[[0.12059318 0.5004594  0.71110606 0.7407027 ]]
[[0.19779204 0.25021255 0.74981356 0.55545676]]
[[0.07975879 0.40087184 0.5623619  0.6419221 ]
 [0.15830606 0.16267787 0.4724521  0.2915366 ]]
[[0.23863935 0.5947415  0.48956877 0.710702  ]]
[]
[[0.10096884 0.2918954  0.83344203 0.65968686]]
[[0.04051222 0.03074838 0.6069141  0.2449554 ]
 [0.09875099 0.74165154 0.6257425  0.9626416 ]
 [0.10898264 0.38176227 0.511981   0.55830735]]
[[0.0261987  0.08776914 0.22066072 0.18063696]]
[[0.12064027 0.41762775 0.4663611  0.5804684 ]]
[[0.1376493  0.23722127 0.46528053 0.3768269 ]
 [0.09466448 0.6840202  0.41282097 0.835903  ]]
[[0.06228966 0.02770529 0.32062325 0.13265222]
 [0.06006961 0.56281084 0.31638554 0.6808539 ]]
[]
[[0.09255756 0.35878438 0.67047215 0.6675588 ]]
[[0.14384367 0.41941097 0.44769695 0.61077255]
 [0.14361626 0.74075216 0.65337324 0.98406   ]
 [0.14948596 0.3033328  0.3805237  0.42748505]]
[[0.23924938 0.56931764 0.4886901  0.70479333]
 [0.09926824 0.08169026 0.3961922  0.25172275]]
[[0.48424    0.44385612 0.90719885 0.86885214]
 [0.01432973 0.12344443 0.35891518 0.5006963 ]]
[[0.247702   0.8374769  0.4495753  0.98652273]]
[[0.3650867  0.6916083  0.90553117 0.9126533 ]]
[[0.02868467 0.59242475 0.33446938 0.9411618 ]]
[[0.66592664 0.08683169 0.96962094 0.1877864 ]]
[]
[[0.12068999 0.39636898 0.6191684  0.53799117]]
[[0.25339782 0.6232462  0.57188725 0.7551379 ]
 [0.1761063  0.07263594 0.5594091  0.23173475]
 [0.19540009 0.77331567 0.5098682  0.9063277 ]]
[[0.0443515  0.44000977 0.9044179  0.96642476]]
[[0.05788147 0.7029675  0.4937415  0.9437478 ]]
[]
[]
[[0.00734817 0.16370317 0.87852055 0.6870607 ]]
[[0.11377788 0.6161963  0.2070841  0.7373761 ]
 [0.5463852  0.5124548  0.6722756  0.65828985]]
[[0.11728115 0.7100093  0.3193794  0.82415396]]
[[0.26228562 0.61724186 0.55877995 0.8203283 ]
 [0.06117911 0.2739691  0.3974831  0.50315773]]
[[0.14687963 0.73330265 0.36387268 0.9611009 ]]
[[0.06644129 0.45359993 0.4732679  0.5638329 ]]
[[0.05616552 0.40463328 0.39398348 0.62983626]]
[[0.13608332 0.28421277 0.5140779  0.48429212]]
[[0.04034846 0.28682497 0.27839652 0.5444686 ]]
[[0.2477002  0.46634704 0.6358661  0.6278805 ]]
[[0.06228395 0.31589183 0.9255597  0.66220796]]
[]
[[0.09502086 0.26518422 0.6266227  0.5052666 ]]
[[0.18758467 0.7805563  0.7557266  0.982339  ]
 [0.24473642 0.02787135 0.5057317  0.16738734]
 [0.0547309  0.22986335 0.3203288  0.36206973]]
[]
[[0.5526275  0.23195572 0.79665893 0.43030715]]
[0. 0. 0. 0.]
[[0.33710587 0.5929566  0.7074462  0.74819106]
 [0.08071498 0.06622526 0.49183056 0.2397471 ]
 [0.06560831 0.33142686 0.5019962  0.5113557 ]]
[[0.6911559  0.5503803  0.88197243 0.81971234]]
[[0.05199316 0.37703001 0.44872835 0.6063331 ]]
[]
[[0.1379886  0.45731413 0.4640015  0.6163126 ]]
[[0.14563313 0.10151187 0.38538778 0.24492252]]
[[0.11798675 0.2870157  0.24608484 0.50633264]]
[[0.21863379 0.5837432  0.65987736 0.77723753]
 [0.30421594 0.43036732 0.66717833 0.59295756]
 [0.11432844 0.24104163 0.43816856 0.4479018 ]]
[]
[[0.01471596 0.3200347  0.8444994  0.7266459 ]]
[0. 0. 0. 0.]
[[0.12877545 0.26236045 0.7731969  0.46328068]
 [0.41565436 0.04629494 0.970913   0.23653583]]
[[0.22382858 0.18825932 0.4962218  0.31388903]]
[]
[[0.03544928 0.19001763 0.53324145 0.44134897]
 [0.16121507 0.69419706 0.94487596 0.9562808 ]
 [0.15348521 0.44526568 0.97624624 0.69133687]]
[[0.32942897 0.4852714  0.63893807 0.65241915]
 [0.38448194 0.0665857  0.5927872  0.16817853]]
[[0.02132006 0.1614285  0.3169344  0.3288561 ]
 [0.15569972 0.39901876 0.5032477  0.60767615]]
[[0.3146595 0.5447485 0.6941369 0.7364581]]
[[0.3639414  0.5009629  0.51575774 0.60448456]
 [0.17024611 0.3223158  0.3408795  0.42455214]
 [0.22796047 0.7036962  0.40789032 0.8106177 ]]
[[0.18752086 0.37599134 0.771761   0.60358524]
 [0.15914443 0.10527396 0.66720843 0.3701668 ]]
[[0.07307036 0.4265875  0.35425884 0.55002046]
 [0.4362834  0.83657706 0.6672833  0.93998957]]
[[0.09968796 0.18687674 0.4921438  0.37553737]]
[[0.11238351 0.15624745 0.82406074 0.45652938]
 [0.4257447  0.45035154 0.96728075 0.69809264]]
[[0.6794668  0.47477013 0.8201112  0.7389442 ]
 [0.40749553 0.3652618  0.5578645  0.69173944]
 [0.11039466 0.15466349 0.17780212 0.29936922]]
[[0.13464761 0.3906153  0.6274758  0.6272904 ]]
[]
[]
[[2.04669108e-04 1.08496115e-01 5.91646135e-01 4.47644174e-01]]
[[0.24194393 0.6947122  0.5603061  0.86001575]
 [0.06648955 0.16029386 0.3976754  0.3357889 ]]
[[0.06049034 0.10014047 0.575616   0.29061627]
 [0.05183212 0.62207896 0.47009873 0.7683558 ]]
[[0.11904396 0.44765747 0.6199859  0.7293041 ]]
[[0.3133026  0.5032601  0.5965419  0.65104026]
 [0.4256042  0.16394925 0.6857897  0.32282427]]
[[0.377887   0.4395264  0.5162214  0.53713214]
 [0.4002789  0.5559986  0.54916143 0.65340513]]
[[0.07178955 0.61758846 0.3689288  0.7907677 ]]
[[0.19256833 0.4587202  0.56592727 0.7314999 ]
 [0.19538549 0.13403034 0.5466465  0.40678385]]
[[0.36139694 0.29056528 0.50597143 0.45376778]
 [0.6871141  0.5799844  0.8565284  0.7590782 ]
 [0.02821097 0.28040752 0.1673228  0.4393598 ]]
[[0.7806625  0.40633586 0.9193576  0.64061564]
 [0.02132748 0.38149562 0.13521604 0.56585395]
 [0.5314354  0.4000547  0.64192915 0.59838295]
 [0.2656641  0.3286006  0.40172702 0.5323447 ]
 [0.5540924  0.67051065 0.6794176  0.85085744]]
[]
[[0.07840539 0.6692473  0.38038176 0.80429095]]
[[0.1615231  0.5993029  0.35485113 0.6858543 ]]
[[0.1439233  0.4211277  0.3799142  0.53469235]]
[[0.10272156 0.34265304 0.33767375 0.4681991 ]]
[[0.66605544 0.8401455  0.91890144 0.95810765]
 [0.06021266 0.21712962 0.32093304 0.32832798]
 [0.64492816 0.17881334 0.92177695 0.30172   ]
 [0.34852314 0.6002262  0.6007915  0.7101254 ]
 [0.49078766 0.45637774 0.73058605 0.55826676]]
[[0.7172376  0.38909292 0.8812415  0.65019125]
 [0.05501113 0.36488461 0.19193792 0.5723186 ]]
[[0.14064255 0.8582121  0.48456487 1.        ]
 [0.20083721 0.64521545 0.41552696 0.7908969 ]
 [0.2960401  0.03442169 0.5673856  0.15308584]
 [0.28719136 0.2763661  0.4394097  0.37767655]]
[]
[[0.22948992 0.88123244 0.4502885  0.9857583 ]
 [0.03753067 0.59726495 0.26996827 0.7253364 ]]
[]
[[0.13870685 0.29941976 0.7715608  0.5925714 ]
 [0.07830157 0.4668895  0.7738656  0.95621634]]
[[0.12759075 0.10579005 0.40736538 0.2620708 ]
 [0.2766033  0.44827434 0.5058125  0.61993325]]
[]
[[0.3147605  0.10410652 0.6789301  0.31418374]
 [0.28242427 0.57545763 0.7418528  0.78245443]
 [0.00973897 0.29311708 0.27565154 0.46198183]
 [0.01284425 0.45363298 0.34880325 0.63887066]]
[[0.13699853 0.6383855  0.4555415  0.8133032 ]
 [0.29267624 0.12389357 0.5834342  0.30565348]
 [0.21342632 0.47989666 0.5016508  0.62941927]]
[[0.08326836 0.5734379  0.7444274  0.868288  ]
 [0.32988557 0.37080777 0.72467214 0.5419664 ]
 [0.25570965 0.10000654 0.69360137 0.28397125]]
[[0.31502768 0.5714213  0.5365766  0.70581424]
 [0.23095699 0.7237932  0.5560034  0.8683231 ]
 [0.13891277 0.08456685 0.42948252 0.22224271]
 [0.17236176 0.25927204 0.39082646 0.41743878]]
[[0.10342628 0.70585066 0.5946003  0.9021711 ]
 [0.04726676 0.06811022 0.5771734  0.24985719]]
[[0.48613435 0.7037831  0.76690364 0.86550003]
 [0.39334977 0.20808423 0.7966058  0.3766821 ]
 [0.04247257 0.21523432 0.33147922 0.37656742]
 [0.30311957 0.47209403 0.6668357  0.62764585]]
[[0.24495102 0.65674126 0.6034761  0.83819175]
 [0.24422455 0.24684958 0.56745034 0.41490263]]
[[0.14235105 0.22251195 0.38012347 0.37969232]
 [0.374557   0.62925744 0.62461    0.7646444 ]]
[[0.1359313  0.6977995  0.6047385  0.88219416]
 [0.15067917 0.15090787 0.6405932  0.37834245]]
[[0.2079849  0.4097816  0.5580084  0.60827637]]
[]
[]
[[0.20127553 0.18731074 0.44423977 0.31940094]
 [0.27836752 0.6443183  0.5229592  0.80356044]]
[[0.12085488 0.33120143 0.80340725 0.6209082 ]]
[[0.12513977 0.4682436  0.34727785 0.5725521 ]]
[[0.25616118 0.09389388 0.6966109  0.34001622]]
[[0.14651155 0.5449159  0.47824794 0.7498339 ]]
[]
[]
[[0.03883488 0.05365762 0.33831322 0.4049841 ]]
[[0.03073543 0.61913604 0.2645385  0.87846446]]
[[0.24612747 0.09986395 0.5214806  0.23758997]
 [0.25527787 0.45104045 0.54030347 0.59147716]
 [0.08620462 0.25017262 0.4858239  0.43867147]
 [0.38509145 0.0064321  0.57888    0.09423498]]
[]
[[0.01098245 0.3092418  0.27247256 0.6941359 ]
 [0.6845765  0.27469423 0.94292086 0.6092798 ]
 [0.38708776 0.07965045 0.50453866 0.28466618]
 [0.3842294  0.70650196 0.5106172  0.92033064]]
[[0.07791944 0.32487085 0.36637485 0.60334665]
 [0.53581786 0.384348   0.8661033  0.69027054]]
[[0.14327867 0.07944645 0.3067375  0.2534782 ]
 [0.5513785  0.5765585  0.75796306 0.7739484 ]]
[[0.16567323 0.18109722 0.5049103  0.3895896 ]]
[[0.14589177 0.5214039  0.46756178 0.66879165]]
[[0.29630888 0.40744278 0.41426405 0.49042213]]
[[0.08186519 0.04975559 0.9494638  0.3367889 ]]
[[0.05823202 0.8149777  0.5093243  0.9793371 ]
 [0.0842467  0.28124648 0.47423014 0.46119398]]
[[0.23154318 0.60977006 0.49688554 0.744337  ]
 [0.12148631 0.30837178 0.4020408  0.46175373]]
[[0.18305178 0.18853249 0.45775327 0.36351588]]
[[0.07877711 0.3707763  0.5271583  0.5537543 ]]
[[0.4277464  0.10073763 0.62736434 0.23003928]
 [0.23923758 0.29832682 0.50969064 0.43766895]
 [0.39494237 0.80345964 0.597333   0.9357071 ]
 [0.18462056 0.42909878 0.38537523 0.5508064 ]]
[[0.05569568 0.9182001  0.32198977 0.99304   ]
 [0.07834961 0.67342913 0.31873295 0.777213  ]]
[[0.21970159 0.6926797  0.5807363  0.8833555 ]
 [0.14480339 0.10312967 0.5764497  0.29201868]]
[]
[[0.1573357  0.54227513 0.60549206 0.72451156]
 [0.50496644 0.7571885  0.66613007 0.8679969 ]]
[[0.00964339 0.2599156  0.28166106 0.3926788 ]]
[]
[[0.18482085 0.6920839  0.47994226 0.84782356]]
[[0.28851873 0.52053237 0.6977376  0.71744704]
 [0.26743183 0.7221107  0.6897233  0.9334873 ]
 [0.22344023 0.11013131 0.5213509  0.30202976]
 [0.19542333 0.28743285 0.6646173  0.5119515 ]]
[]
[[0.19718273 0.6741969  0.5285099  0.8422613 ]
 [0.28380775 0.2685252  0.5493094  0.425193  ]]
[[0.21719857 0.451156   0.7024392  0.69190735]]
[[0.25011203 0.23795143 0.563065   0.40878615]
 [0.21748409 0.48109993 0.4396187  0.61780447]]
[[0.19355449 0.24377376 0.6689912  0.59264314]]
[[0.13053511 0.25098875 0.37920642 0.42326757]
 [0.12805249 0.02187376 0.433485   0.17702381]
 [0.1356157  0.79151535 0.38967332 0.94146866]]
[[0.20265673 0.40796217 0.7196924  0.7046976 ]]
[]
[[0.13621457 0.44761497 0.31347036 0.551006  ]]
[]
[[0.15152416 0.44616562 0.6050642  0.6478196 ]]
[[0.10392629 0.17606154 0.59241664 0.5039462 ]]
[0. 0. 0. 0.]
[[0.49716422 0.06204573 0.79518324 0.38300344]
 [0.30406758 0.33658925 0.5468573  0.6211804 ]]
[[0.10021957 0.22279468 0.47882643 0.39815786]]
[[0.17265682 0.18177393 0.31369638 0.45137253]]
[[0.5380801  0.2493603  0.9354882  0.39522174]
 [0.40790042 0.37931588 0.8692379  0.5117756 ]
 [0.59480214 0.5111188  0.97143096 0.65145093]
 [0.04199263 0.62318045 0.512938   0.7759399 ]]
[[0.25512394 0.4560384  0.47458228 0.7007753 ]
 [0.12122864 0.07869893 0.39689085 0.3576223 ]]
[[0.1238145  0.78674763 0.4573626  0.95415455]
 [0.18235011 0.44251025 0.4562837  0.5602877 ]
 [0.03000062 0.01528058 0.30432293 0.19483468]]
[[0.14123611 0.48247695 0.5549554  0.6930469 ]]
[[0.0851566  0.16546902 0.4754898  0.34000072]
 [0.07556692 0.7092391  0.41629645 0.85341096]]
[[0.08555678 0.31981376 0.38085112 0.46227577]]
[]
[[0.09480535 0.31508967 0.8812496  0.6599605 ]]
[[0.12968902 0.27151692 0.8693427  0.60209423]]
[[0.11656825 0.4229674  0.41772595 0.60364515]]
[]
[[0.30125058 0.5193727  0.62383574 0.70465666]
 [0.05032164 0.11174857 0.4715736  0.3253809 ]]
[0. 0. 0. 0.]
[[0.02171074 0.25582433 0.41010132 0.44620138]]
[[0.03832696 0.5239075  0.4175527  0.6806881 ]]
[]
[]
[]
[]
[[0.16974884 0.6955686  0.6647959  0.9446039 ]
 [0.05063121 0.07875857 0.6012535  0.3635573 ]]
[[0.14108834 0.5565784  0.66056216 0.8178994 ]
 [0.12290139 0.2607049  0.6755636  0.54141146]]
[0. 0. 0. 0.]
[[0.10545728 0.39797628 0.41791734 0.51005816]]
[[0.4747228  0.07253516 0.79346263 0.18136683]
 [0.3734775  0.4782449  0.72654784 0.57414436]
 [0.4447741  0.2751208  0.7776052  0.37351364]
 [0.3245493  0.79873824 0.65630174 0.89139915]
 [0.32194668 0.6913935  0.70669824 0.803252  ]]
[[0.07654525 0.3788615  0.35395238 0.53614306]]
[[0.51440644 0.7201889  0.74695516 0.87031525]
 [0.7386568  0.4022814  0.9474392  0.56149614]]
[[0.3070523  0.37882107 0.71592015 0.5615955 ]]
[[0.02831533 0.3305843  0.7638542  0.6325431 ]]
[[0.10586514 0.24482295 0.7745495  0.53710675]]
[[0.11088607 0.21759531 0.460312   0.4093999 ]
 [0.13503236 0.7658296  0.57587117 0.9826861 ]]
[[0.18243198 0.3170905  0.54739857 0.4585576 ]]
[[0.20479213 0.5046282  0.41203424 0.6215415 ]]
[[0.16055636 0.5087892  0.43253234 0.6328243 ]
 [0.31184155 0.20819557 0.5020036  0.28052548]
 [0.32584274 0.2981546  0.62486696 0.40263885]]
[]
[]
[[0.38810688 0.42217845 0.72301686 0.5828597 ]]
[[0.30865303 0.0439821  0.70761937 0.24491625]
 [0.06619287 0.5398578  0.5530935  0.7843756 ]
 [0.32867542 0.27640128 0.78035784 0.50106984]]
[]
[[0.23438442 0.867943   0.44133186 0.9795894 ]
 [0.27079925 0.50257206 0.5397033  0.66497964]]
[[0.5786055 0.4405257 0.8731329 0.5858031]]
[[0.34604058 0.46425772 0.6638606  0.6056956 ]]
[[0.14055863 0.17028145 0.46924496 0.29480335]
 [0.25230864 0.510809   0.6156659  0.6520706 ]]
[]
[[0.10879856 0.534474   0.73824865 0.76762974]]
[[0.35244817 0.13617712 0.6641287  0.29073763]
 [0.2222973  0.72976214 0.48117337 0.8402794 ]
 [0.15969126 0.536431   0.5040336  0.7024085 ]]
[[0.0196482 0.3660795 0.2341367 0.55496  ]]
[[0.16538586 0.37174124 0.3581501  0.47942924]]
[[0.28633827 0.5889107  0.5359843  0.7716103 ]
 [0.14844438 0.3924236  0.4394307  0.55243784]
 [0.05911244 0.22432281 0.42943507 0.4077455 ]]
[[0.23477694 0.22186872 0.5493547  0.3346909 ]
 [0.0855455  0.40594468 0.466874   0.51807886]
 [0.23296475 0.32401845 0.5807272  0.4186699 ]]
[[0.06479836 0.48366603 0.25341582 0.71821797]]
[[0.01640968 0.16145563 0.72071475 0.5134178 ]]
[[0.20177354 0.01845404 0.6663812  0.18845257]
 [0.03225803 0.6362961  0.5354905  0.87960726]
 [0.19080782 0.46018943 0.5665214  0.64640856]]
[[0.06954028 0.71663773 0.85831875 0.98815894]
 [0.08109571 0.01908372 0.8543023  0.30648136]
 [0.03921643 0.44816732 0.37556523 0.5731884 ]]
[[0.2503293  0.21007133 0.447991   0.31478667]]
[[0.2592778  0.2442407  0.41824132 0.5007906 ]
 [0.7806528  0.2908796  0.9678133  0.648938  ]
 [0.01460811 0.5584546  0.09350732 0.7041008 ]]
[[0.41230384 0.2472031  0.5999432  0.34130687]]
[[0.0358918  0.4656877  0.2097574  0.54362756]
 [0.08625431 0.1588259  0.34646493 0.25476113]]
[[0.11818836 0.3237456  0.50623906 0.46528268]]
[[0.34301066 0.14316039 0.6978823  0.288561  ]
 [0.23561358 0.39428967 0.8306936  0.65223676]
 [0.12570822 0.6822816  0.6028905  0.8479632 ]
 [0.44369853 0.84247035 0.97208357 0.9898115 ]]
[[0.25439414 0.78193635 0.4471547  0.91864854]
 [0.30164832 0.38377383 0.53379947 0.50480515]
 [0.07861335 0.03035164 0.37259883 0.179636  ]]
[]
[[0.07152392 0.40568107 0.3813082  0.75562626]
 [0.52697587 0.15917565 0.8981888  0.584425  ]]
[[0.18390134 0.4984619  0.74308515 0.71372086]]
[[0.3173941  0.6574574  0.5744711  0.81443053]
 [0.25762025 0.28267378 0.46780947 0.43842047]]
[[0.34291923 0.57184917 0.53247124 0.67936003]
 [0.166719   0.3051707  0.39631104 0.43353158]]
[[0.18169582 0.58501494 0.6664775  0.7494042 ]]
[[0.30199808 0.02231441 0.5152101  0.13510591]
 [0.1058315  0.78712916 0.35797635 0.9239004 ]]
[[0.4396852  0.62720245 0.72915334 0.81151825]
 [0.15031822 0.25817326 0.57889867 0.43050024]
 [0.217981   0.5997977  0.53912354 0.7733331 ]
 [0.09505203 0.7829199  0.47837156 0.9442693 ]]
[[0.24014044 0.54038113 0.5167251  0.6713152 ]]
[]
[[0.03042991 0.2540147  0.34801912 0.7485822 ]]
[[0.27303186 0.4886222  0.8096063  0.69687724]
 [0.13135773 0.05312523 0.79122585 0.3171665 ]
 [0.02193062 0.6744414  0.5879848  0.9359011 ]]
[[0.3280162  0.8089319  0.6620706  0.93229204]]
[[0.25037646 0.03602973 0.63974506 0.13783441]
 [0.17709877 0.2500067  0.6644283  0.3631685 ]
 [0.11920431 0.86587566 0.5738063  0.97972554]]
[[0.12392557 0.55077034 0.6942232  0.75933236]
 [0.2505935  0.2605189  0.85306585 0.47280127]]
[]
[[0.15503907 0.41948333 0.49507758 0.6156883 ]]
[[0.4413064  0.2080707  0.60178065 0.30838984]]
[[0.11269625 0.47930574 0.35843915 0.6405515 ]
 [0.20487222 0.02176291 0.45930544 0.16175745]]
[[0.19852582 0.59366864 0.529594   0.76600367]
 [0.1138978  0.28287256 0.53324187 0.4876936 ]]
[[0.18056297 0.7278227  0.4041934  0.8468487 ]]
[[0.2770452  0.53531355 0.58093965 0.69384736]]
[[0.484887   0.30266947 0.616704   0.37860623]
 [0.34880325 0.6476431  0.48435074 0.7300586 ]]
[]
[[0.04828872 0.52837    0.4200558  0.67136633]]
[[0.17689346 0.26496202 0.5106926  0.38185483]
 [0.44982374 0.6163543  0.7502321  0.7359192 ]]
[0. 0. 0. 0.]
[[0.04050359 0.14548136 0.26749507 0.32845253]]
[[0.0538852  0.5345768  0.35602948 0.69484866]]
[[0.09724847 0.53451914 0.518981   0.7513678 ]]
[[0.21470408 0.17592523 0.5414171  0.33571592]]
[]
[[0.23023061 0.38045985 0.3580839  0.44256955]]
[[0.20022257 0.4924227  0.43773225 0.5948292 ]]
[[0.13265224 0.25529945 0.8714238  0.5870335 ]]
[[0.12497608 0.5089752  0.5119716  0.681555  ]]
[0. 0. 0. 0.]
[[0.06606877 0.06663835 0.79721487 0.3708568 ]]
[]
[]
[[0.07762551 0.41619623 0.8075353  0.7196672 ]]
[[0.0771222  0.4149219  0.56415844 0.6178009 ]]
[[0.14877823 0.27565128 0.7795204  0.6619272 ]]
[[0.06299815 0.4011082  0.2816267  0.59803855]]
[[0.02495353 0.70150125 0.45278862 0.8888955 ]
 [0.08874729 0.12667036 0.45040894 0.28961897]
 [0.3479988  0.31858826 0.68452555 0.46758187]]
[[0.51602966 0.28481925 0.7367462  0.43159568]
 [0.35473776 0.54357785 0.6246684  0.6751588 ]
 [0.07950956 0.78559685 0.4200249  0.9855877 ]]
[[0.25460672 0.44070363 0.7337065  0.6703484 ]
 [0.100268   0.02635355 0.5553835  0.192254  ]
 [0.0401347  0.1755135  0.64875513 0.40455943]
 [0.22784199 0.7269434  0.6993835  0.9538729 ]]
[[0.03604372 0.15750238 0.28748226 0.29811382]
 [0.02375998 0.6700221  0.34055793 0.7760164 ]]
[[0.16070262 0.20265588 0.46658903 0.3450735 ]]
[[0.11519367 0.28270173 0.54699785 0.49845654]]
[[0.19524224 0.52921367 0.3717437  0.6321088 ]]
[]
[[0.33043057 0.5022541  0.75865954 0.7062127 ]
 [0.23164226 0.05413279 0.60908484 0.2784951 ]
 [0.07819474 0.6689792  0.56580234 0.9389143 ]]
[[0.18940963 0.3204627  0.6185339  0.44031638]
 [0.02941043 0.53662366 0.48552904 0.6569964 ]]
[[0.32912737 0.2774287  0.6435313  0.426116  ]
 [0.216795   0.7785259  0.52464455 0.9211107 ]
 [0.19964485 0.15817432 0.52979875 0.30770296]]
[[0.04653885 0.4462927  0.24090438 0.5609047 ]]
[[0.28775784 0.64465946 0.6579282  0.8266424 ]
 [0.46385315 0.8570177  0.69934887 0.96964246]]
[[0.06321991 0.44351286 0.772433   0.7304984 ]]
[[0.02642084 0.24672697 0.79507476 0.54405624]]
[[0.2553622  0.31353837 0.49694878 0.44245058]]
[[0.         0.37786546 0.62842405 0.9642729 ]]
[]
[[0.0693351  0.28705713 0.7127831  0.5360044 ]]
[]
[[0.24870647 0.5663597  0.4957337  0.7026006 ]
 [0.2398698  0.12897842 0.502206   0.26948848]
 [0.431391   0.67624325 0.66024774 0.8141066 ]]
[[0.0767486  0.42506856 0.38318068 0.5596643 ]]
[[0.03905101 0.08129136 0.39543056 0.23482269]
 [0.0789802  0.7296514  0.28175533 0.8410031 ]]
[[0.03938375 0.38225994 0.282453   0.53395486]]
[]
[[0.23814818 0.61849415 0.45101306 0.7044101 ]
 [0.38829127 0.17497754 0.6397781  0.2676597 ]]
[[0.04223208 0.3769123  0.34907418 0.48571658]]
[[0.10782391 0.24783248 0.46307147 0.48100013]]
[[0.02461269 0.28076982 0.34641156 0.7868603 ]]
[[0.12297621 0.42650822 0.42734239 0.56720436]]
[[0.10670988 0.47941482 0.6515252  0.6783072 ]]
[[0.735306   0.0201089  1.         0.13299398]
 [0.24580489 0.05767267 0.44026    0.15168142]
 [0.19825883 0.8855438  0.42369303 0.9882387 ]]
[[0.61507314 0.13672645 0.8061853  0.22600006]
 [0.05519088 0.32595468 0.41789016 0.46693844]]
[]
[]
[[0.0246215 0.5607972 0.2953072 0.6808717]]
[[0.10192408 0.27256462 0.6963682  0.586854  ]]
[[0.19231153 0.45137948 0.57674235 0.68251884]]
[[0.44626147 0.26161313 0.6420895  0.36958694]]
[]
[[0.18795277 0.8047739  0.5126199  0.96565783]]
[[0.0487552  0.8151588  0.32483947 0.95364475]]
[]
[[0.02527793 0.5657143  0.4231061  0.74974823]]
[[0.15986177 0.5240419  0.44710726 0.69034356]]
[[0.3037284  0.03998444 0.6333904  0.29897153]
 [0.1811708  0.35420197 0.5009199  0.6729968 ]]
[]
[]
[[0.1067986  0.41480747 0.5800683  0.62781525]]
[[0.03200952 0.11802474 0.8602172  0.606678  ]]
[[0.15520433 0.6436818  0.62605107 0.8725825 ]]
[[0.0144885  0.32738045 0.33066946 0.48676202]]
[]
[[0.3779589  0.44687593 0.5509432  0.54638827]
 [0.27967668 0.31403205 0.40422243 0.39433533]]
